8.333333134651184082e-01
8.333333134651184082e-01
8.333333134651184082e-01
8.333333134651184082e-01
8.922222256660461426e-01
9.245833158493041992e-01
9.391666650772094727e-01
9.418055415153503418e-01
9.544444680213928223e-01
9.491666555404663086e-01
9.545833468437194824e-01
9.554166793823242188e-01
9.631944298744201660e-01
9.651389122009277344e-01
9.613888859748840332e-01
9.499999880790710449e-01
9.537500143051147461e-01
9.612500071525573730e-01
9.524999856948852539e-01
9.531944394111633301e-01
9.406944513320922852e-01
9.512500166893005371e-01
9.516666531562805176e-01
9.641666412353515625e-01
9.680555462837219238e-01
9.544444680213928223e-01
9.520833492279052734e-01
9.647222161293029785e-01
9.618055820465087891e-01
9.669444561004638672e-01
9.488888978958129883e-01
9.506944417953491211e-01
9.505555629730224609e-01
9.513888955116271973e-01
9.473611116409301758e-01
9.561111330986022949e-01
9.512500166893005371e-01
9.479166865348815918e-01
9.604166746139526367e-01
9.505555629730224609e-01
9.584722518920898438e-01
9.552778005599975586e-01
9.511111378669738770e-01
9.513888955116271973e-01
9.508333206176757812e-01
9.537500143051147461e-01
9.545833468437194824e-01
9.537500143051147461e-01
9.522222280502319336e-01
9.523611068725585938e-01
9.523611068725585938e-01
9.527778029441833496e-01
9.527778029441833496e-01
9.536111354827880859e-01
9.529166817665100098e-01
9.522222280502319336e-01
9.545833468437194824e-01
9.513888955116271973e-01
9.562500119209289551e-01
9.533333182334899902e-01
9.694444537162780762e-01
9.501388669013977051e-01
9.501388669013977051e-01
9.568055272102355957e-01
9.555555582046508789e-01
8.954166769981384277e-01
9.180555343627929688e-01
9.474999904632568359e-01
9.474999904632568359e-01
9.481944441795349121e-01
9.387500286102294922e-01
9.561111330986022949e-01
9.470833539962768555e-01
9.409722089767456055e-01
9.538888931274414062e-01
9.441666603088378906e-01
9.369444251060485840e-01
9.462500214576721191e-01
9.395833611488342285e-01
9.465277791023254395e-01
9.556944370269775391e-01
9.337499737739562988e-01
9.529166817665100098e-01
9.387500286102294922e-01
9.427777528762817383e-01
9.406944513320922852e-01
9.383333325386047363e-01
9.456944465637207031e-01
9.293055534362792969e-01
9.355555772781372070e-01
9.427777528762817383e-01
9.375000000000000000e-01
9.498611092567443848e-01
9.447222352027893066e-01
9.388889074325561523e-01
9.415277838706970215e-01
9.398611187934875488e-01
9.458333253860473633e-01
9.297222495079040527e-01
9.320833086967468262e-01
